0.00063162 
-0.00014702 
0.000293719 
-0.000163824 
-0.000642979 
0.000825969 
0.000126904 
0.000172632 
0.000877233 
0.000807678 
-0.000163444 
-4.5362e-05 
0.00066005 
0.000375891 
0.000595653 
-0.000102477 
8.79224e-06 
-1.91037e-05 
7.04135e-05 
3.26177e-05 
0.000353756 
-1.30588e-05 
0.00120923 
-0.000214757 
-0.00069625 
0.000197403 
-0.000196606 
2.2366e-06 
-0.000218221 
9.40131e-05 
0.000164799 
0.000690014 
0.000199433 
2.47362e-05 
-0.000769366 
-0.000393317 
-0.00018255 
0.000170622 
-0.000481905 
0.000384377 
-4.60756e-05 
-0.000374314 
-0.000120236 
9.57367e-05 
-0.000811974 
-0.000421936 
-4.13839e-05 
-0.000465462 
0.000426851 
0.000904333 
-0.000295896 
0.000272432 
-0.000304385 
-0.00028577 
-0.000573749 
-0.000104038 
-0.000713699 
-3.95605e-05 
-0.000360248 
0.000723865 
0.000231762 
-0.000893629 
0.000714588 
0.000306371 
0.000380541 
-0.00013455 
-0.00101109 
0.0013543 
-2.42445e-05 
-0.000386603 
0.000264789 
0.000160428 
0.000602694 
0.000254172 
-0.000597003 
-0.000115148 
0.000584479 
0.000114356 
6.42268e-05 
1.55192e-05 
0.000401384 
0.000170495 
-0.000522834 
-2.82368e-05 
3.23555e-05 
0.000522272 
0.000360703 
0.000384576 
-0.000966207 
-2.70787e-05 
-0.000862798 
-0.000442735 
-0.000329514 
-8.60795e-06 
0.000490326 
0.000316179 
-0.000281958 
-0.000593302 
-0.000476929 
-0.000587305 
