0.00268191 
-0.00518899 
0.0029791 
0.00135539 
0.00308766 
0.00209051 
0.00104415 
-0.00303464 
0.000972098 
0.000838509 
0.00261109 
0.00381224 
-0.0064624 
0.00263752 
0.000647286 
-0.00302673 
-0.00284085 
-0.00232005 
-0.00287766 
0.000851359 
-0.00272127 
0.000591685 
0.000899443 
0.00330223 
-0.00136921 
0.00418342 
0.00363738 
0.00380482 
0.00216862 
-0.00399497 
0.00199491 
-0.00240693 
-0.00329637 
-0.00147339 
-0.00652493 
0.00344357 
0.000383899 
-0.00276822 
-0.001049 
1.4958e-05 
0.00311317 
-0.0023238 
0.00302923 
-0.00419628 
0.000119024 
0.00155312 
0.00154203 
0.000166685 
-0.00371063 
0.00174016 
-0.00593825 
-0.00331006 
-0.00521553 
0.00187264 
0.00235522 
0.00177884 
0.00194866 
-0.00116379 
0.00110431 
0.00677827 
-0.00380459 
0.00202069 
-0.00373183 
0.00160146 
0.0021202 
-0.00227166 
-0.000101067 
0.000251101 
-0.000501802 
-0.00157601 
0.00384646 
0.00389337 
-0.000517218 
-0.00123112 
-0.00562597 
-0.000184784 
0.00435926 
-0.00182455 
-0.00334331 
0.00341986 
-0.000227082 
-0.00163506 
0.00258474 
0.00322652 
-0.000852884 
-0.00376498 
0.000463049 
-0.00580329 
-0.00414653 
0.000890951 
-0.00145626 
-0.00206933 
0.000983964 
-0.000229516 
-0.00024162 
0.00258837 
-0.000781236 
0.00127508 
-0.00542458 
0.000575947 
0.00457745 
-0.00209357 
0.0042744 
-0.00019139 
-0.000152938 
-0.000884254 
0.000248912 
0.00268535 
-0.000969533 
0.00190889 
0.00388834 
0.00609942 
-0.000433345 
-0.000308892 
-0.00338217 
-0.00489598 
-0.00395689 
0.000218124 
0.000177414 
0.000664732 
0.0019749 
0.000853361 
0.00326423 
-0.00361051 
0.0024956 
-0.00455926 
-0.000949044 
-0.00244219 
0.00427997 
-0.00249338 
0.00118274 
0.00312707 
-0.0031646 
-0.000628965 
-0.001404 
0.00190112 
-0.00273832 
-0.00483302 
0.0016962 
0.00278267 
0.00143089 
-0.0022213 
0.000757591 
-1.8298e-05 
4.10405e-05 
-0.000833366 
-0.0021777 
0.00184574 
0.000939917 
0.00586722 
0.00440337 
-0.00206656 
0.00280782 
-0.00170062 
0.0008036 
0.00164977 
0.00216485 
-8.718e-05 
0.00346129 
-0.00166736 
-0.000783086 
0.00167222 
0.000924079 
-0.00180347 
-0.000258688 
-0.00212652 
-0.00352419 
-0.001795 
0.00234414 
0.00114598 
-0.00289353 
0.00316919 
-0.000371054 
-0.000633964 
-0.00267002 
0.00432136 
0.00122237 
-0.000538568 
0.000140418 
0.000951615 
-0.00373869 
-0.00208132 
-0.00326698 
-0.00650384 
-0.00395035 
0.000456078 
0.000242674 
0.000252971 
0.00128133 
-0.00441643 
0.00218221 
0.000851444 
0.00215942 
0.000113266 
0.0014773 
-0.00283508 
0.00056271 
-0.00187348 
0.00556202 
-0.000361049 
-0.000257995 
0.00139516 
-0.00390853 
-0.00146813 
0.00400728 
-0.00165126 
0.00410631 
-0.000364064 
-0.00367211 
-0.00499157 
0.00262304 
0.00291602 
0.000161445 
-0.00481741 
-0.00296424 
-0.00237834 
-0.00280112 
-0.00227498 
0.00227184 
0.000133874 
0.00362394 
0.00320417 
5.20755e-05 
0.00219702 
0.00111651 
-0.00635881 
-0.00140318 
-0.00304564 
-0.00355268 
-0.00125979 
0.000724282 
-0.000384043 
0.00297791 
0.00126145 
-0.00238664 
0.000818156 
5.95828e-05 
0.000344564 
-0.00270297 
0.00208102 
0.00177474 
0.00130474 
0.000133389 
0.00560631 
-0.00227649 
0.00538682 
0.0053554 
-0.00140136 
0.000551674 
-0.00229876 
-0.00437283 
0.00207507 
-0.00280681 
0.00303846 
0.00259725 
0.00237933 
0.0015399 
0.00229366 
-0.00190734 
-0.000379557 
3.67643e-05 
-0.00824062 
-0.00170635 
0.000137068 
0.00203629 
-0.00305301 
0.000988697 
0.000400533 
-0.00518229 
-0.00257168 
-0.0010649 
-0.000877355 
0.00537791 
0.00094352 
0.00335055 
-0.0034361 
-0.000657984 
0.00183097 
-0.000704462 
-0.00261874 
-0.00429783 
0.00219048 
-0.00492411 
0.000349303 
0.000160473 
0.00557915 
0.0055362 
0.00612211 
-0.00236261 
0.0015879 
-0.00149856 
0.00444091 
0.00130432 
-0.00273304 
-0.00197031 
0.00185344 
0.00124863 
-0.00127625 
-0.000739982 
-0.000137544 
-0.00221004 
0.00460688 
-0.00162662 
-0.0040135 
-0.000384975 
-0.000657452 
0.00119212 
0.00309718 
-0.00479062 
-0.00347067 
-0.00543487 
0.00319969 
0.00388295 
0.0030891 
0.00154187 
-0.00335794 
0.000316428 
-0.00218625 
-0.0033284 
-0.00192963 
-0.00387117 
0.00151031 
-0.00181015 
-0.00163402 
-0.00414394 
0.00447542 
0.00189886 
0.00614086 
-0.000232424 
0.00097188 
0.00275791 
-0.00163077 
-0.00214945 
-0.00267467 
6.31614e-05 
0.0032208 
-0.00208848 
0.000382156 
-0.000998263 
0.00631349 
0.00470713 
-0.00118765 
-0.00300405 
0.0022546 
0.000921246 
-0.00387863 
-0.00263793 
-0.00108425 
-0.00229207 
0.00174359 
0.00392232 
-0.000529423 
-0.00016567 
0.000448005 
-0.00125573 
-0.00393354 
-0.00167319 
-0.000864231 
-0.00259125 
-0.00130678 
-0.00141862 
-0.000768672 
0.0041736 
-0.00308648 
0.000299952 
-0.00126333 
0.00128862 
0.00168049 
2.83695e-06 
0.00108269 
0.00139455 
0.000791173 
0.00305101 
0.00398657 
0.00280779 
0.00152638 
-0.000723102 
-0.00142167 
-0.000263062 
0.00182709 
0.000491681 
-1.02998e-05 
0.00239593 
-0.00129238 
0.00234655 
0.000759393 
-0.00251014 
0.00134111 
0.00171689 
0.000934429 
0.00241493 
-0.00363326 
-0.00236547 
-0.00266234 
0.00314378 
-0.0025321 
-0.00034023 
-0.0019748 
0.00139123 
-0.00230086 
-0.000972568 
0.00377208 
0.00125393 
-0.00277615 
-0.00154628 
-0.00202269 
-0.00100158 
-0.000118215 
0.000833724 
0.00188267 
0.00413632 
0.00197236 
-0.000658816 
-0.00179805 
0.00328804 
-0.000992426 
0.00119568 
-0.000276471 
-0.000876876 
0.00289334 
0.00415536 
0.00036446 
0.00162185 
0.00233697 
-0.000324802 
-0.000735287 
0.00194171 
0.00373911 
0.000365794 
0.00458305 
-0.00104397 
-4.55408e-06 
-0.00474475 
0.00619708 
-0.00191918 
0.00425385 
-0.00588686 
-0.00333355 
-0.000100096 
-0.00170323 
-0.00372165 
-0.00107918 
0.00218824 
-0.000808824 
0.00432794 
-0.00622455 
-0.00197428 
0.00182124 
0.00218535 
0.000912454 
-0.00259925 
-0.00314623 
-0.00299029 
0.00200121 
0.00192365 
-0.000254088 
0.00146741 
0.00298006 
-0.00169775 
0.00107809 
0.00111606 
-0.00291657 
-0.00530426 
0.00155973 
0.000277949 
-0.000213975 
-0.00108004 
-0.00244155 
-0.00370812 
0.00177393 
-0.00154619 
-0.0020238 
0.000470126 
-0.0047898 
-0.00513835 
-0.00180223 
-0.00185529 
0.00149485 
-0.000995561 
0.00370201 
0.000808078 
0.000978915 
0.000873178 
0.00297895 
0.00210823 
0.00855704 
0.00270379 
0.000700435 
-0.00328516 
0.00172085 
-0.00166246 
-0.00180459 
0.00245793 
0.00670233 
0.00377785 
-0.00262022 
0.00065949 
0.000116687 
0.0013718 
-0.00118582 
-0.000127054 
0.00222411 
-0.000747419 
0.0023111 
-5.47978e-05 
0.00446469 
0.000823743 
0.000724194 
0.00506984 
-0.000172538 
-0.00439676 
0.00356832 
-0.000335417 
-0.00224315 
-0.00281208 
-0.00225002 
-0.00354448 
0.0059681 
-0.00112455 
-0.00321589 
0.00116715 
0.00535253 
0.00556432 
-0.00218413 
0.00211685 
-0.00158103 
0.00121424 
-0.0010016 
0.00644531 
-0.00195727 
-0.000246153 
-0.00663773 
0.00069991 
-6.83686e-05 
0.00497217 
0.00189828 
-0.00028196 
0.00200071 
0.00345125 
-6.94094e-05 
0.00263728 
-0.000569667 
0.00247944 
-0.00358334 
0.00377814 
0.00116324 
-0.000584723 
0.00141776 
6.57194e-05 
-0.00142262 
-0.00341796 
-0.0021579 
-0.00291412 
-0.00140344 
0.00263967 
-0.00171773 
0.00174798 
0.00106211 
-0.000387508 
0.00285622 
-0.00146859 
-0.000225958 
0.0078076 
-0.00190559 
0.000638033 
-0.0068326 
0.00227293 
0.00463905 
-0.000399546 
-0.000264347 
0.000159478 
-0.00230816 
-0.00114073 
0.00556594 
-0.00123891 
0.000513233 
0.000459812 
0.00133289 
-0.00106497 
0.00460702 
-0.00204801 
-0.00163144 
0.00158936 
-0.000935963 
-0.00321374 
0.000156892 
-0.00320216 
0.0033743 
-0.00380937 
-0.00196988 
-0.00520781 
0.00152324 
0.00428175 
-0.000481242 
0.00297176 
-0.00180029 
0.000952351 
-0.00309496 
-0.000419198 
-0.000720639 
0.0021035 
0.00325076 
0.00214694 
0.00313823 
-0.0048948 
-0.00261357 
-0.00554858 
0.00333817 
-0.000689813 
0.00247161 
-0.00189409 
-0.000987816 
-0.00169405 
0.000753884 
0.00326702 
0.0023395 
-0.00203758 
-0.00126057 
0.00188826 
0.00405268 
0.00147898 
-0.00261214 
0.00167587 
0.00175203 
0.000727473 
-0.000934831 
0.00234845 
-0.00380552 
-1.99923e-06 
-0.00117668 
0.00156256 
0.000713056 
-0.000872046 
0.00160259 
0.00176193 
0.00319759 
0.00392887 
0.00273278 
-0.00131704 
0.000740289 
0.00446718 
0.0016963 
0.000143523 
-0.00196103 
-0.00186198 
-0.00142949 
-0.000498588 
-0.00133303 
-0.000317567 
-0.00113457 
0.000614036 
-0.00165699 
0.00274832 
0.00214611 
-0.00219014 
-0.000440609 
0.00252154 
-0.00154995 
0.00532793 
0.00540292 
-0.00145953 
0.000165698 
-0.00336852 
-0.00527805 
0.000537981 
0.0034057 
8.31469e-05 
0.00173289 
0.00118314 
0.0041961 
-0.0002837 
0.00385396 
-0.0012354 
-0.0040645 
-0.00376248 
0.00388533 
0.00276554 
7.24533e-05 
0.000603823 
-0.0026382 
0.00152455 
0.000911869 
0.00110096 
0.00171665 
-0.00237131 
0.00241876 
-0.00227686 
-0.00272041 
0.00052999 
-0.00197142 
0.00553928 
0.00162206 
0.00386651 
0.00127658 
0.00173969 
0.00341305 
-0.00408456 
0.00116974 
-0.000930173 
0.00142688 
-0.0025381 
-0.00456157 
-0.00369759 
-0.00172436 
-0.0035055 
0.00350364 
-0.00171321 
0.00174891 
0.00563622 
0.00030148 
-0.00108104 
-0.00170504 
0.00150889 
0.00192313 
-0.000978805 
0.00239577 
-0.000866395 
0.0031197 
-0.00174699 
-0.00161185 
0.00126913 
0.00106887 
0.00169256 
-0.00126114 
-0.00359749 
-0.000514488 
-0.0054477 
0.00112845 
0.000487194 
0.00257728 
0.000347636 
-2.13321e-05 
-0.00295873 
-0.00162086 
0.00518205 
0.000725496 
-0.00696322 
-0.00187273 
-0.00264182 
-0.000364371 
-0.00348 
-0.00468542 
-0.00945654 
0.00256236 
-0.00529067 
0.00501961 
-0.00379785 
-0.00173674 
0.00139086 
-0.00204051 
-0.000907269 
-0.00439935 
-0.00330021 
0.000937481 
0.0012242 
0.00190865 
-0.00121836 
0.000283455 
0.00157731 
0.00349956 
-0.00365171 
0.00156437 
-0.000690747 
-0.00144785 
0.00310427 
-0.0027051 
0.00282383 
0.000468079 
-0.000209943 
-0.00125728 
0.00089125 
0.00108488 
0.00219294 
-0.000114541 
0.00161529 
0.00208486 
-0.00150146 
-0.00179456 
0.00240045 
-0.00321377 
-0.00151612 
0.000122063 
-0.00234118 
0.000180282 
0.00307683 
0.00286139 
-0.00232342 
0.00542201 
-0.000563385 
-0.00514256 
-0.00259661 
-0.00395697 
4.00271e-08 
0.00318585 
-0.000390964 
-0.000233782 
0.00186492 
0.00301077 
-0.00188351 
-0.00174078 
-0.00365204 
-0.00333636 
0.00190448 
0.00435884 
-0.00018745 
0.000262134 
-0.00331278 
-0.00205219 
-0.00115309 
-0.000332531 
-0.0055771 
-0.00223398 
0.002818 
0.00371144 
-0.00150527 
-0.00460651 
0.00273388 
-0.00304331 
-0.00117574 
0.00354433 
0.00237855 
-0.00441317 
-0.00152938 
0.00351434 
-0.00331243 
0.00299325 
-0.00268961 
0.00417621 
0.000403074 
-0.00239316 
0.000440152 
0.000933856 
-0.00219832 
0.00260568 
-0.00440111 
-0.00376436 
-0.00216069 
-0.00112162 
0.000377536 
0.00125019 
0.00311602 
-0.00218715 
-0.00102005 
-0.000331505 
-0.00572756 
-0.00532971 
-0.00388836 
0.00272671 
0.00182101 
-0.00374477 
0.00287259 
-0.00381897 
0.00063748 
-0.0048724 
0.000332579 
0.00294324 
-0.00224889 
-0.0023724 
-0.00564224 
-0.000292309 
0.00563994 
-0.00182201 
0.00420095 
0.00234088 
0.00242604 
-0.00111975 
-0.00115619 
-0.00205838 
0.00303688 
0.00202745 
0.000236173 
-0.00234461 
-0.00561333 
-0.00320463 
0.0023054 
-0.00296968 
-0.00691316 
0.000168896 
0.000361286 
0.00111571 
-0.000795065 
-0.00150354 
0.00196038 
0.00168472 
-4.23611e-05 
-0.00135021 
-0.000665789 
0.00377964 
-0.00140501 
0.00281249 
-0.00413037 
6.47258e-06 
-0.000501042 
-0.000609085 
0.00071853 
-0.000256083 
-0.00295543 
0.00221446 
0.00199731 
0.00270424 
0.00171791 
-0.00188204 
0.000727035 
0.000508846 
0.00250953 
0.000792126 
0.00619353 
-0.0036891 
-0.000329247 
-0.00312557 
0.00202955 
-0.000577316 
0.00298622 
-0.000221165 
0.00227941 
0.00452916 
-0.00220361 
-9.29214e-05 
-0.00212713 
-0.000238465 
-0.00229187 
0.00337727 
-0.00160286 
0.00105776 
-0.00311093 
-0.000279702 
0.000435935 
0.00310301 
0.000579504 
0.000735479 
0.00258219 
-0.000830717 
-0.00119804 
-0.0037847 
-0.000882597 
-0.000827969 
0.00123879 
0.00432881 
-0.000346189 
0.000920172 
0.00315919 
0.00212318 
0.00120624 
-0.00278541 
0.000659808 
0.000268024 
0.00256615 
0.0025181 
0.00542051 
-0.00458303 
0.00454605 
0.00225517 
0.000318265 
-0.00170935 
-0.00310785 
-0.00293961 
0.00186146 
-0.00345188 
0.00579989 
-0.00188596 
0.00321416 
0.00284297 
0.00134701 
0.00190346 
0.00194041 
-0.000385717 
0.00193915 
-0.00526212 
-0.00271682 
0.00093107 
0.00122502 
-0.00189962 
-0.000818134 
0.00384131 
0.00348047 
-0.00121199 
-0.00530162 
-0.00284995 
0.00454089 
-0.000275523 
0.000512832 
0.00155619 
-0.00137616 
0.00114602 
-0.00434766 
-0.00312985 
0.000409621 
-0.00293945 
-0.00348668 
-0.00158322 
-0.002541 
0.00587222 
-0.00252274 
-0.00260619 
0.00402273 
0.00267496 
-0.00149688 
0.000928983 
-0.000519322 
0.00140541 
